# name: debug
# type: sparse matrix
# nnz: 36
# rows: 6
# columns: 6

1 1 520636.694061672
2 1 19987.969979598
3 1 159181.021368239
4 1 465.384257492
5 1 -25338.545950564
6 1 1659.556976246
1 2 19987.969979598
2 2 619650.658129605
3 2 -30921.360832052
4 2 27643.909636627
5 2 -465.384257492
6 2 8543.284234236
1 3 159181.021368239
2 3 -30921.360832052
3 3 50884.423548524
4 3 -1510.790436947
5 3 -7777.444405916
6 3 0.000000000
1 4 465.384257492
2 4 27643.909636627
3 4 -1510.790436947
4 4 1233.602050569
5 4 0.000000000
6 4 379.999078830
1 5 -25338.545950564
2 5 -465.384257492
3 5 -7777.444405916
4 5 0.000000000
5 5 1233.602050569
6 5 -73.815889177
1 6 1659.556976246
2 6 8543.284234236
3 6 0.000000000
4 6 379.999078830
5 6 -73.815889177
6 6 121.471981452
