# name: debug
# type: sparse matrix
# nnz: 36
# rows: 6
# columns: 6

1 1 350959.673950750
2 1 -30042.302089831
3 1 -36452.478858088
4 1 -0.000000000
5 1 -0.000000000
6 1 0.000000000
1 2 -30042.302089831
2 2 277873.345479081
3 2 -101741.293886605
4 2 0.000000000
5 2 0.000000000
6 2 -0.000000000
1 3 -36452.478858088
2 3 -101741.293886605
3 3 43727.644616246
4 3 -0.000000000
5 3 0.000000000
6 3 -0.000000000
1 4 -0.000000000
2 4 0.000000000
3 4 -0.000000000
4 4 0.000000000
5 4 0.000000000
6 4 -0.000000000
1 5 -0.000000000
2 5 0.000000000
3 5 0.000000000
4 5 0.000000000
5 5 0.000000000
6 5 -0.000000000
1 6 0.000000000
2 6 -0.000000000
3 6 -0.000000000
4 6 -0.000000000
5 6 -0.000000000
6 6 0.000000000
