# name: debug
# type: sparse matrix
# nnz: 36
# rows: 6
# columns: 6

1 1 2459215.353306680
2 1 2010153.974948965
3 1 -520757.642935969
4 1 204444.455620610
5 1 -405888.187346719
6 1 -601287.015690924
1 2 2010153.974948965
2 2 2596959.556930370
3 2 503220.958005315
4 2 419897.581192011
5 2 -204444.455620610
6 2 -622241.192537735
1 3 -520757.642935969
2 3 503220.958005315
3 3 1014834.681331715
4 3 202872.653877538
5 3 209942.537902635
6 3 0.000000000
1 4 204444.455620610
2 4 419897.581192011
3 4 202872.653877538
4 4 83987.258693670
5 4 0.000000000
6 4 -84637.968964805
1 5 -405888.187346719
2 5 -204444.455620610
3 5 209942.537902635
4 5 0.000000000
5 5 83987.258693670
6 5 81787.757518002
1 6 -601287.015690924
2 6 -622241.192537735
3 6 0.000000000
4 6 -84637.968964805
5 6 81787.757518002
6 6 164939.578762020
