# name: debug
# type: sparse matrix
# nnz: 36
# rows: 6
# columns: 6

1 1 3852.773469542
2 1 -1113.306747642
3 1 1809.737937193
4 1 0.001938574
5 1 0.014600459
6 1 0.004854793
1 2 -1113.306747642
2 2 5653.022997973
3 2 864.052976386
4 2 -0.017735190
5 2 -0.001938574
6 2 -0.010168247
1 3 1809.737937193
2 3 864.052976386
3 3 1210.918857126
4 3 -0.003557669
5 3 0.007451451
6 3 0.000000000
1 4 0.001938574
2 4 -0.017735190
3 4 -0.003557669
4 4 0.000000056
5 4 0.000000000
6 4 0.000000031
1 5 0.014600459
2 5 -0.001938574
3 5 0.007451451
4 5 0.000000000
5 5 0.000000056
6 5 0.000000015
1 6 0.004854793
2 6 -0.010168247
3 6 -0.000000000
4 6 0.000000031
5 6 0.000000015
6 6 0.000000021
