# name: debug
# type: sparse matrix
# nnz: 36
# rows: 6
# columns: 6

1 1 8955.676618569
2 1 837.069677463
3 1 1362.305107200
4 1 1.138482810
5 1 -23.720338706
6 1 7.090696746
1 2 837.069677463
2 2 8116.743331746
3 2 -2206.451245585
4 2 22.579321236
5 2 -1.138482810
6 2 4.377931491
1 3 1362.305107200
2 3 -2206.451245585
3 3 884.785869865
4 3 -6.351278316
5 3 -3.921400441
6 3 -0.000000000
1 4 1.138482810
2 4 22.579321236
3 4 -6.351278316
4 4 0.062971301
5 4 0.000000000
6 4 0.011287766
1 5 -23.720338706
2 5 -1.138482810
3 5 -3.921400441
4 5 0.000000000
5 5 0.062971301
6 5 -0.018282179
1 6 7.090696746
2 6 4.377931491
3 6 -0.000000000
4 6 0.011287766
5 6 -0.018282179
6 6 0.007331145
